"OFClat_R","Angular_L","Cerebelum_3_L","Cerebelum_10_L","Vermis_1_2","Vermis_7","Vermis_10","ABCA7","C1orf63","C6orf115","CBL","CYTH1","DCUN1D1","DNAJC7","FKBP5","LOC338758","NACA","RGS19","TRIM41","VCAN"
0.263443201968544,0.329883430300218,0.238025322645724,0.140111795285853,0.242542623359466,0.400907369760367,0.0980227497262015,7.967817,9.289399,7.166941,8.098564,8.881802,6.966388,7.646383,9.313524,9.484612,12.4869,8.702492,8.093271,10.101391
0.188577768426192,0.353938796241251,0.279329334190506,0.156815807993819,0.228273641283267,0.483895391480536,0.0864372723539111,7.846023,8.807306,7.072672,7.441476,8.76144,8.637103,7.349782,9.557693,9.212063,12.275505,8.859787,7.421844,10.867843
0.197390072471217,0.407057828554043,0.262946922622041,0.109817993350145,0.285989476141529,0.487599201691456,0.0966868131933078,9.292826,9.350841,6.726565,7.958904,8.830989,7.364298,7.326385,9.729905,9.904927,11.73777,9.628011,7.805069,10.492056
0.220882536235609,0.339050774940551,0.259924288995252,0.186276854538336,0.246066298440238,0.43896715865176,0.0843515866239306,8.720066,9.462339,7.165752,8.463636,9.222617,8.020842,6.938994,11.252168,10.331861,11.63743,9.683548,7.967653,9.76965
0.255187088815789,0.336589476399856,0.284406102346089,0.164153657308439,0.209996446270809,0.465446341750968,0.122778919381155,8.804559,9.378022,7.152635,8.18945,9.018211,6.847084,7.585374,9.71005,9.385702,12.1342,9.540158,8.078817,10.56793
0.256192723324424,0.39923577674926,0.255476466196026,0.196980360077649,0.240150754696855,0.493997166299412,0.0955496908913196,8.566747,8.9279,7.041922,7.405615,8.814688,7.735479,7.301779,9.936803,9.357714,12.0823,8.802208,7.917898,10.797319
0.239833100971423,0.280657919550319,0.281225512841504,0.182554291515816,0.210623393548983,0.448969099256727,0.0830224131194639,7.947239,8.878559,7.154491,7.457499,8.640631,7.895612,7.76233,9.691275,9.251,12.29126,9.078083,7.907256,11.038668
0.204881222373561,0.387861987111899,0.30294856910934,0.19944330541099,0.205650151332962,0.486542823987129,0.0973521957934742,9.001787,9.445196,6.754055,8.083027,8.984628,7.412671,7.30373,9.795056,9.897414,11.784045,9.821781,8.03258,10.056845
0.282379311009457,0.452852423038743,0.280581103113597,0.146094205902844,0.277880018002519,0.415864015236879,0.0842214638078716,8.659884,9.152173,6.930285,7.822201,8.907027,8.020998,6.764604,10.619874,10.15416,11.55246,9.489621,7.762852,10.238748
0.23565140573602,0.472261076938824,0.364591335822008,0.222432741304723,0.406565015561113,0.505337348351112,0.12629621801242,8.232099,9.091249,7.190555,7.490752,8.667906,8.075993,7.51363,9.506631,9.44823,12.104435,8.775043,7.787606,10.447796
0.180148395739104,0.382273217370334,0.314695872232586,0.195810620377703,0.242815659424969,0.468086405697032,0.101708875575536,8.561052,9.19616,7.553101,7.788626,8.799476,8.183078,7.310576,10.204714,9.368348,11.90111,9.095766,7.914307,10.382137
0.245180872866982,0.285328138670473,0.275794320477697,0.162345769928723,0.268921718419155,0.458646855802618,0.0953528981813243,9.241521,9.850845,6.961648,8.451892,8.865849,7.890106,7.31688,10.53416,9.475198,11.849325,9.435561,8.368245,10.042676
0.230214667069285,0.429079952637069,0.309545756814009,0.154284605165807,0.300858970000365,0.434218023577307,0.0902543605213434,8.3374,9.234138,7.390146,7.793072,9.02562,7.261328,7.541414,9.773932,9.587575,12.10735,8.986754,7.769871,10.202373
0.223429196006373,0.34779477307716,0.256554152437313,0.151911200546637,0.251821874458099,0.441711164947249,0.0878689389833262,8.006318,8.545633,7.217876,7.528758,8.917366,8.306283,6.781806,10.542607,9.241595,12.081935,9.099297,7.635674,10.657121
0.231045628597862,0.412663598755496,0.313849260707101,0.146184618880109,0.282182533050252,0.540292788774539,0.0958957403478488,8.790704,9.102321,7.227152,7.969141,8.763687,7.547479,7.033227,9.551142,9.583416,11.9417,9.029714,8.219899,10.53293
0.274588109066612,0.346627327836167,0.376789298600065,0.246739224689763,0.304939519579165,0.539500505496294,0.119841132365482,8.699866,9.198313,7.161516,8.048421,9.110367,7.18269,7.123428,9.119031,9.249745,12.069925,9.236456,8.144989,9.887139
0.213501859966077,0.433942040349628,0.344050264644052,0.198198923250524,0.268191649534992,0.541155888484074,0.124733589064907,8.630336,9.087864,7.034639,7.963204,9.011898,7.870073,7.391847,9.888976,9.910213,11.949195,9.014284,8.036117,10.548972
0.224008387515419,0.357032901848809,0.289115174801764,0.190792421015298,0.348274159654279,0.435469016050681,0.0753218220992827,8.411218,8.660637,6.639883,7.772328,8.925175,7.819357,7.752078,10.089877,9.576444,11.89497,8.802918,8.079419,10.531866
0.266049049778988,0.320632288289943,0.333658869394999,0.209972195509003,0.264613249591578,0.500574552095853,0.121399933183697,8.730342,8.055532,6.7825,7.599671,9.004022,7.055629,7.794205,10.284361,9.769644,11.84639,9.448484,7.699699,10.687574
0.33830466822574,0.376421378656676,0.285198828417384,0.19817291818014,0.270319983223888,0.461593660533938,0.105421455813126,9.086879,8.386679,7.126431,8.170813,8.849324,7.927001,6.711538,10.098527,9.626448,12.0226,9.397294,8.185905,10.400621
0.226522361353824,0.374165838259377,0.286897442298021,0.178130196362007,0.212786790366485,0.452501378507696,0.109553773638228,8.674785,9.245942,7.246222,7.667356,8.777752,7.082557,7.583531,9.912736,9.3123,12.21433,9.253631,7.67575,10.172601
0.28054154245477,0.334729525312107,0.264166643519601,0.19403304123297,0.226390268201026,0.470162676949786,0.0835640934151663,8.581508,9.023621,7.61946,7.381923,8.908039,7.273082,7.672296,9.72054,9.339339,12.228495,8.95422,7.717592,9.906627
0.273122590717516,0.354960861260824,0.2685677077242,0.186012849575136,0.214428179731993,0.427854815099993,0.0912274911370076,9.149985,9.43244,6.930353,8.090759,8.832917,7.603591,7.280743,10.200288,9.398821,11.933085,9.171507,8.228843,10.379247
0.183676854183799,0.327889293881517,0.257269328225872,0.157597076602098,0.205782079251013,0.389118227184328,0.0869024639398279,8.369691,8.845968,7.316154,7.648308,9.191408,7.752179,7.322187,9.719931,9.525189,12.22776,8.752873,8.154811,9.97768
0.161138385973479,0.34088616737426,0.229216844021917,0.13864745163336,0.246922769279123,0.400217985495543,0.111807279183831,8.176995,9.009598,7.712391,7.347089,8.401765,6.974818,7.941395,9.979832,8.848882,12.67447,8.574136,7.583114,9.926155
0.292372565018503,0.481113496822842,0.328622098454458,0.160357358979016,0.314866966176256,0.538494566566924,0.0905126585087306,7.81919,8.541383,7.683941,7.260044,8.770896,7.017479,7.960113,9.815842,9.002332,12.58073,8.604038,7.78642,10.711234
0.267456215306332,0.436958176064474,0.269430765848674,0.198295430439274,0.276328274022753,0.411674466907469,0.10818465998475,7.62398,8.348266,7.788927,7.665202,8.574397,7.026357,8.011506,9.514351,8.984231,12.44965,8.558336,7.567154,9.207596
0.305312114514803,0.408917494840273,0.278544009088756,0.1685301268973,0.205836001957688,0.464994055593116,0.125202299843372,7.911291,8.643423,7.734568,7.374469,8.654389,7.228386,7.938594,9.473714,9.355565,12.623065,8.885022,7.322592,9.19479
0.281031365645559,0.353414126120278,0.24451693232188,0.189630520053026,0.24406440235744,0.429894015320346,0.111681656098702,7.97514,8.591556,7.283567,7.390167,8.518482,7.256876,7.661943,10.129077,9.465754,12.315965,9.033547,7.533188,9.860172
0.294172556023849,0.355616342910142,0.31888785904753,0.218582269622058,0.247923039944372,0.411478417551416,0.0839407947701468,7.568553,8.175371,7.463039,7.398796,8.764226,6.628975,7.535416,10.181135,8.79569,12.56328,8.681223,7.608052,9.383211
0.205176664653577,0.398111949956254,0.325973990434658,0.182648507560172,0.304876666202723,0.473158681494558,0.100389279110331,7.680407,8.438597,7.685387,7.662202,8.534996,7.024259,8.036997,9.533594,8.675372,12.71115,8.626932,7.698517,10.161565
0.196301124974301,0.364912286390098,0.258766882433863,0.143099238232868,0.236866585562162,0.403834579337356,0.080031415106545,7.431996,8.570481,7.343653,7.718527,8.555391,7.076763,7.935444,10.351776,8.917866,12.49609,8.551354,7.238117,9.415449
0.211934766267475,0.394823675436333,0.219142137173407,0.158592921931569,0.192642176262686,0.370562300722823,0.094487620071626,8.476759,8.701916,7.226851,7.678638,9.01032,6.6801,7.966187,9.351672,9.026498,12.38299,9.156073,7.707567,9.87228
0.254567244680304,0.425855123132403,0.311099160931068,0.17579034479653,0.258983309023848,0.474811619163578,0.0890364781231947,8.151896,8.95657,7.234425,7.966982,8.706621,6.795207,7.772825,10.436869,8.944932,12.42903,8.915716,7.64221,10.120476
0.283992791426809,0.419409495159952,0.300146525491497,0.182087956405267,0.275172545531086,0.47881095429771,0.103151583335769,7.976642,8.663613,7.810837,7.447628,8.645655,7.067332,8.074227,10.274395,8.448396,12.59982,8.648834,7.834745,9.945878
0.271942138671875,0.412866990855505,0.309768494017824,0.163308422739913,0.261449492980387,0.463384579389523,0.0849510649560203,8.071619,9.265675,7.201801,7.864337,8.800372,7.433398,7.300112,9.870457,9.810399,12.10262,9.140612,7.527822,9.916667
0.192197924162212,0.373065409006528,0.270404495878848,0.163297595047369,0.270476724499854,0.45855223826873,0.0891759630659936,8.035461,8.953221,7.673453,7.716786,8.487028,7.21286,7.769584,9.48181,9.100006,12.544805,8.674796,7.48417,9.748319
0.252068754497327,0.412647255529882,0.27047542183699,0.18080131019034,0.256212341451199,0.45337161854801,0.100303972271127,8.022125,8.610608,7.421583,7.635624,8.775905,7.314674,7.608344,9.811297,8.957984,12.5498,8.891512,7.726047,9.004842
0.173620011179071,0.303340257369436,0.277507507872439,0.13290844894037,0.301396877966195,0.364881140554053,0.0889925822405748,8.06095,8.733228,7.344501,7.359328,8.760738,7.143753,7.907998,9.466763,8.877981,12.37271,9.005864,7.631578,9.489961
0.275514108758224,0.458107317769091,0.281078475678038,0.178452863925841,0.250357084185164,0.41200432410607,0.0914532970374739,8.162578,8.824608,7.674327,7.912564,8.650628,7.072433,7.963525,11.348636,8.609629,12.40212,9.07465,7.445049,9.832993
0.346727455540707,0.421253168745513,0.313284959621772,0.197304330221037,0.307168087112569,0.420117989564553,0.103187923700037,8.093631,8.331795,7.463117,7.18021,8.776346,6.956899,7.942087,9.858422,8.966472,12.419175,8.625537,7.360301,9.532797
0.25836326197574,0.495382753962334,0.317442568476329,0.174478147088028,0.227014399020471,0.509999462681958,0.0791520333625901,8.481716,8.951886,7.196989,7.715611,8.771348,7.025136,7.460758,10.067214,9.568894,12.28507,9.15212,8.072887,10.246697
0.293573158665707,0.327496070615354,0.29069270059734,0.180112361907959,0.272779411244615,0.468380333011986,0.0896153047051228,8.702115,9.299252,7.006635,8.177399,8.703024,7.406283,7.358162,9.505124,9.35172,12.057735,9.385265,7.802222,9.908521
0.286763916015625,0.398881176950601,0.312931723223475,0.177853572659376,0.259062686813212,0.551162915352063,0.118048990276498,8.727532,8.978328,7.174186,7.825061,8.862619,6.950658,7.631744,9.87971,9.414014,12.17942,9.293271,7.837423,10.732521
0.321466996042352,0.402309617633368,0.31211832469095,0.160283100314257,0.238380913422486,0.482437362018813,0.122330598428216,8.795504,8.81029,6.611806,7.726125,8.923012,8.059516,7.4523,10.006457,9.925575,11.70496,9.371157,7.901248,9.991629
0.250086573550576,0.228945237137137,0.258689857528595,0.180923659627031,0.222681794211129,0.430800446078309,0.0961149981324102,9.150883,8.915346,7.023516,7.93703,8.76195,7.374252,7.527407,9.617406,9.448429,12.06816,9.477464,8.281216,10.364858
0.229456000077097,0.372489408888752,0.263988312133058,0.207788793052115,0.272580458739094,0.448254740136301,0.0822140666800485,8.386885,8.781406,6.943071,7.594634,9.062239,7.882629,7.404691,9.613464,9.815142,11.77484,9.001582,8.100678,9.999858
0.225680927477385,0.370045899489075,0.249686897871737,0.112309327939662,0.231448592426621,0.449884170140976,0.0908890442109444,8.903026,9.361715,6.243357,7.752655,9.094355,7.141406,7.460349,10.290373,9.344566,12.137815,9.225977,7.81778,9.94837
0.220371334678248,0.33367843244543,0.25711475303787,0.175464955771842,0.237262369316315,0.495687761877337,0.0880142802923498,8.499954,9.241214,6.719359,8.247611,9.003971,7.05814,7.652441,10.203896,9.440777,12.229665,9.331623,8.110447,10.469349
0.202164708187706,0.374088196983803,0.278237805395069,0.165252859999494,0.260658531545479,0.501915141048594,0.110822274651326,8.856743,9.447523,7.212458,8.506773,9.143479,7.227509,7.403918,9.44868,9.952554,11.93595,9.519752,7.934404,10.107054
0.247993533485814,0.46862692192828,0.308836314492597,0.186196966869075,0.296318268107477,0.505975152692224,0.121592373915122,8.761854,8.694529,6.929419,8.112753,8.867589,7.428814,7.631766,10.038317,9.789845,12.293835,8.635872,8.283912,10.677928
0.173493459601151,0.257046997333206,0.240479041002468,0.135980164132467,0.222952031643591,0.424600128434662,0.0885941075607085,8.363215,9.268107,7.109704,8.267148,8.962926,7.012458,7.499843,10.102008,9.612956,12.46224,9.154863,8.219275,9.899119
0.190350743343956,0.354189202499664,0.237902909695745,0.176786783264904,0.198026942315503,0.390316042125735,0.0714266266621334,8.700066,8.953743,6.838684,7.789205,8.943876,7.006387,7.527797,10.03341,9.217171,12.077385,8.908165,7.893784,10.100949
0.21950045936986,0.340052772406957,0.234532681767812,0.186570539707091,0.184306510140963,0.484468769823384,0.0979286583376602,8.438374,8.407662,6.554542,7.290979,8.885303,8.022111,7.090837,9.57341,9.513532,11.913115,8.931291,8.109766,10.035187
0.222540170769942,0.364059524919519,0.280107943597668,0.208919548406834,0.236645957019842,0.465773688422309,0.0938408542686785,8.397131,9.462294,7.394156,7.80301,9.006217,8.255404,7.376544,9.424407,9.461498,12.264255,9.079881,7.958133,10.594404
0.197717959755345,0.357590083158538,0.249415711728399,0.165740001492384,0.260041887515059,0.379533914419321,0.0796040346924688,6.627934,7.325705,7.517229,6.596651,8.28418,7.024277,6.657199,8.860316,8.112761,11.330545,7.660081,7.436843,9.146356
0.22445945338199,0.307225541596094,0.271370002609527,0.158939059187726,0.254703004783559,0.39922613160223,0.110315994477608,7.994985,8.900854,7.304094,7.258847,8.792787,7.035311,7.748448,10.051196,9.012972,12.57027,9.113788,7.65259,9.417312
0.18404351485403,0.329053825383895,0.280383446973241,0.194263097716541,0.236182792164455,0.439431606194912,0.0876271959761499,7.674356,8.689093,7.874615,7.40431,8.393949,6.773184,8.005987,9.80997,8.501946,12.60285,8.841333,7.544818,9.673606
0.270711188065378,0.431239142489793,0.326912520174495,0.163089601004996,0.341147021712544,0.497957408937634,0.111676148965325,8.25254,8.706331,7.779314,7.601643,8.904778,7.331969,7.903087,9.720645,9.382791,12.41119,8.916282,7.661274,9.961816
0.326921643708882,0.473541588382762,0.30689257775952,0.10391973867649,0.233979198420159,0.494902553721371,0.0913817445996781,7.939546,8.822002,7.747109,7.484874,8.555439,6.836661,7.910536,8.999961,9.10457,12.390475,8.798649,7.507354,10.355649
0.262023090563322,0.399212773549668,0.258801465976738,0.143923433815561,0.252021967807663,0.473442175449469,0.0989245696806572,7.541236,8.973569,7.752882,7.603287,8.93128,6.706649,7.89114,9.708025,8.778033,12.651105,8.362679,7.425236,9.144313
0.278993080540707,0.352191385569028,0.29734000474393,0.192651516053735,0.30296874714789,0.437653337788378,0.0984300022393885,7.983277,8.188224,8.168573,7.718451,8.940464,6.604739,7.871618,9.943933,8.443146,12.5282,8.966552,7.683441,9.227747
0.201510652240954,0.313632962349414,0.247356346267426,0.199300928813655,0.275581074652271,0.466704898410373,0.0775560728261169,9.017539,7.730104,7.343126,7.411421,8.460659,6.522405,7.806289,9.730242,9.678042,12.492295,8.705888,7.501826,9.901039
0.18973687422903,0.332470435849729,0.231024485148356,0.168761567371648,0.215267947901075,0.423076727451422,0.0730436217616981,8.30697,8.760452,6.967306,7.929265,8.606043,7.010971,7.758238,10.266535,9.029734,12.367795,9.085034,7.57036,9.65521
0.279855796412418,0.377708024287172,0.268831652795483,0.151848746509087,0.286334617115627,0.441230154445029,0.086493022005323,7.652768,8.760229,7.001105,7.184389,8.73262,6.737833,7.683396,9.497582,8.800619,12.33197,8.806129,7.517361,9.050342
0.247140968724301,0.367547664382179,0.247379896883479,0.200891634313072,0.191173089998905,0.499809199928218,0.105838386105819,8.372061,8.624214,7.406232,8.329285,9.073625,7.040274,7.636377,9.906392,9.943983,12.31057,8.964655,8.09201,10.62965
0.17224908126028,0.325765025076555,0.233085381056734,0.139051530419326,0.265357846411589,0.369391840747279,0.0756529619995977,8.124012,8.628309,7.432064,7.011601,8.473674,7.241215,7.663939,8.693666,9.519469,12.496375,8.794812,7.584412,9.246088
0.276488454718339,0.353184072216552,0.248734502735252,0.151821811024736,0.265285402814919,0.431212205153245,0.0874893698893802,7.804513,8.942034,7.776422,7.576045,8.587398,6.94848,7.824046,10.300531,9.241989,12.595175,9.014049,7.443317,9.906975
0.221833656712582,0.332922678753702,0.259732549062032,0.166783356085056,0.229099968883479,0.43133062378973,0.0994065647393885,8.057725,8.415733,6.837106,7.734669,8.605217,7.510498,7.650888,8.930976,9.575669,12.136455,8.978841,8.283347,11.168635
0.192431720934416,0.277869844128567,0.284962956776876,0.175101245321879,0.248221638046692,0.417496314415565,0.109467754901295,8.807233,9.29029,7.500421,7.774757,8.983183,7.633077,7.45114,10.805034,9.385633,12.44177,9.240172,7.694398,10.245345
0.190934351870888,0.309100083284727,0.230334070628275,0.131137208240788,0.189799478120893,0.416496048625718,0.0750921477734203,8.005945,9.52577,7.695406,8.091458,9.066094,8.008785,7.15383,9.740307,9.613679,12.64304,9.178024,7.757904,10.550121
0.221991785952919,0.330992009258065,0.28717009036127,0.15410824519832,0.284416537418544,0.471664819961939,0.0868424899141553,9.053446,9.371605,7.052121,7.755439,8.99038,6.947739,7.43924,9.228822,9.782262,12.2654,9.36637,7.80264,10.286498
0.240304452996505,0.344406730394439,0.346295385303612,0.179863476171726,0.312705138019312,0.495746449527577,0.0995439408530652,8.579716,9.124128,6.667369,7.607273,9.034469,7.856678,7.391938,9.252173,9.969678,12.426195,9.22425,7.853538,10.242731
0.180391090794613,0.240008702658101,0.175614191386514,0.0640081487050871,0.138679816344074,0.399146055563902,0.0853032125553615,8.876062,9.196615,7.425675,7.161115,8.861003,7.10468,7.795591,9.676175,9.415542,12.368105,8.863231,8.096077,9.925971
0.279656179327714,0.399642078977477,0.261743990960949,0.177695995423852,0.258401692470657,0.409505469167334,0.081382435812077,8.441968,9.037123,7.281646,7.575515,8.668747,7.076112,7.633647,9.49852,9.598769,12.52436,9.172836,7.640409,10.441748
0.207439607319079,0.272257895924937,0.289233293362006,0.163623740033406,0.233281126646238,0.40775641416892,0.0788957703281456,8.073182,9.329058,6.698517,7.966577,9.015524,6.926804,7.541147,9.483726,9.702871,12.63294,9.006991,8.094882,10.15791
0.198469720137747,0.432585903148555,0.28192935875076,0.15049465691171,0.280534583831502,0.433836912497496,0.0957189882305306,6.606954,8.180593,7.971646,7.534076,8.309712,6.972313,6.881489,9.080145,7.580838,11.449395,7.990061,6.968701,9.765833
0.241061802914268,0.382568227928145,0.27121549594902,0.191251847802139,0.237705925914729,0.476446298452524,0.0783644998577279,8.229281,8.88419,7.764469,7.600275,8.636731,7.848352,7.346691,9.142372,9.561361,12.181625,8.878154,7.772381,10.459023
0.24294089869449,0.505232767843122,0.386107895902531,0.135734441803723,0.322019024430034,0.534784431131477,0.131665834238831,8.464449,8.284448,6.615264,8.043321,8.63201,7.794042,7.847987,9.652692,9.412637,12.24371,9.130327,8.075677,10.97315
0.279133204409951,0.351906912667411,0.331060124014666,0.189347697467339,0.250981910206447,0.44879893767528,0.0896065738839163,8.801735,8.935684,7.361898,8.493583,9.153988,6.621742,7.778654,9.065489,9.571512,12.38757,9.145383,8.281264,10.264837
0.261700519762541,0.323437911866812,0.286137495212212,0.139497803478706,0.251080771472967,0.408726390610393,0.110532418103285,8.576419,8.773581,7.435983,7.593251,8.950903,7.853044,7.671009,8.854928,9.554913,12.57271,9.058882,8.131758,10.648761
0.290162482010691,0.297955536962155,0.379923814784981,0.211188804812548,0.360429460757247,0.498420910957532,0.135284249211701,8.894303,8.932263,7.150926,7.625015,8.652703,7.171152,8.06229,9.075681,9.920053,12.481605,9.480896,7.958023,10.53901
0.287448666221217,0.453811459291435,0.377045294481837,0.172075213455572,0.288928842990198,0.519546997852815,0.107016005986173,8.164282,9.45321,7.78491,7.4879,8.979363,7.048257,7.552728,9.057073,9.857902,12.69135,9.324967,7.859385,10.172616
0.224656580874794,0.345797679104226,0.258473059374415,0.152938447347501,0.219929971427561,0.496630155123197,0.07946429454105,8.276709,9.406429,6.885733,7.390275,8.758976,7.231116,7.683196,9.176547,9.743982,12.37716,8.850838,7.495068,9.997946
0.278932302374589,0.36634794893833,0.241594257468949,0.153957890301216,0.235196211627711,0.407722440540281,0.0831081632157447,8.700304,9.017437,6.480796,7.724868,8.902256,7.450105,7.547815,9.859729,9.463718,12.370865,8.765813,7.828642,10.037199
0.307045416581003,0.377251071204235,0.283670345466294,0.14376845010897,0.286762843622225,0.485318469186114,0.0785344486505213,8.549733,8.95927,6.996937,8.105082,8.927256,7.536435,7.586442,9.245567,9.346598,12.52205,8.700312,7.758291,10.388775
0.210360251978824,0.354578460452373,0.397277694976258,0.147975549465272,0.351858513377537,0.43051515888964,0.0755057402060065,8.873248,9.575379,7.304259,7.66762,9.024347,7.360955,7.716796,9.328603,9.259657,12.290405,9.562013,8.016303,10.186276
0.30340287057977,0.423058065508906,0.313498902463627,0.184601504628251,0.245522133657865,0.373509464100895,0.0988427551699356,9.07425,9.360248,7.426899,8.436889,9.050324,7.16806,7.499863,8.911831,9.339491,12.284095,8.774245,8.067082,10.155517
0.305529014185855,0.375076852594445,0.293295877422401,0.171388684249506,0.364853511346835,0.422777746477698,0.0841335578703545,8.613792,9.278934,7.726046,8.133406,8.891034,7.837831,7.633025,9.027482,9.659223,12.34089,8.968955,8.036626,10.428496
0.247984779759457,0.323470751672705,0.278933131052348,0.147331586698206,0.254052652376834,0.35979491013747,0.0854732822364485,7.945535,9.287205,7.473199,8.029443,8.847001,7.104216,7.726012,9.046793,9.494922,12.42332,8.938461,7.992135,10.458011
0.323379034745066,0.343633800980348,0.290328888122193,0.21722979661895,0.290022288527444,0.436840024768797,0.107147176500777,9.200643,8.204941,6.459518,7.599974,9.385798,7.128763,7.679773,9.09187,9.699489,12.270065,9.04214,7.991287,10.199274
0.347492579409951,0.401426426215901,0.332357509407455,0.168935473372297,0.323782947575935,0.505233438605936,0.125626093904737,8.487394,8.697142,7.241703,7.616199,9.234186,6.693113,7.276798,9.218368,9.652236,12.69006,8.868317,7.846709,9.914633
0.31482322291324,0.349225221566818,0.30770117936734,0.189971319059046,0.289347301019686,0.368072901016627,0.115812100155253,8.971427,9.036052,7.054685,7.883133,8.780411,7.969501,7.361911,9.41642,9.572475,12.182795,8.513284,7.930037,10.039594
0.285734895405016,0.308513545510757,0.278663680938903,0.154785388853492,0.246678913865134,0.476910680787176,0.0820541851957079,9.149865,9.074165,6.981519,8.268108,8.976419,7.435411,7.463256,11.31156,9.323547,12.012895,9.381603,7.887535,10.121194
0.159792641087582,0.318146453003017,0.31757925798793,0.158028835203589,0.275326024706119,0.465003315200154,0.0860245127073476,8.305087,9.369985,7.034467,7.326118,8.414526,8.330731,6.890495,10.397727,9.457576,11.9894,9.373814,7.859941,9.484817
0.246005666632401,0.267336679035524,0.369380813872743,0.179033151487025,0.364711476263599,0.461086925278362,0.095214521381217,8.079335,9.069054,7.137725,7.56913,8.730571,7.526025,7.392966,10.073013,9.317599,12.2704,9.11696,7.958699,10.106197
0.249649160284745,0.349230654703484,0.366952016681968,0.190550873919231,0.336251873836339,0.488137628278162,0.109725871556242,8.679632,9.085287,7.748165,7.655402,9.103123,7.491874,7.455717,9.797694,9.416868,12.44223,9.361452,7.95911,10.00673
0.289939767937911,0.389306325152548,0.360518335582253,0.190055475002382,0.32983901121906,0.479998857547075,0.0978774487132757,8.296897,9.13129,7.265735,7.980729,8.917363,7.123844,7.228611,10.272768,9.082406,12.06329,9.1453,8.140509,10.299016
0.207212540475946,0.318394843742989,0.284344998662343,0.155071898204524,0.267263679860908,0.409522064730652,0.112290402533303,6.258716,8.54995,7.272216,7.47996,8.182179,6.634163,6.656608,9.327564,7.85964,11.54229,7.530952,7.409567,9.405131
0.269918598375822,0.265761047494728,0.289667460732831,0.148324315140887,0.266294711104063,0.361397930699536,0.0787031885603784,9.065444,8.796078,7.464108,7.519886,8.716757,7.243608,7.591045,10.637917,9.462434,12.312095,9.104525,7.86006,10.327383
0.196787013003701,0.320512277311502,0.270319613154063,0.160142235639619,0.26034037866325,0.433131910796858,0.105375954802607,8.738692,8.914477,7.006824,8.344623,9.142656,7.260464,7.558809,9.379531,9.856609,12.245585,9.346915,8.117405,10.668257
0.232296383506373,0.277204613504184,0.397343572742211,0.146682622956067,0.364362164078472,0.42537346864358,0.0951364544075979,8.523208,8.938542,6.694373,7.993778,8.713926,8.059855,7.137697,10.718495,10.24343,12.20722,9.492805,8.126973,10.921316
0.235671659770765,0.282084709435851,0.27658706939149,0.160556804843065,0.243310803564909,0.437096196362096,0.0902327349488164,8.705452,9.250096,7.44515,8.010055,8.811361,7.829774,7.285159,10.216614,9.230877,12.13874,9.316408,7.626267,10.043402
0.239796479877673,0.315607754172649,0.320589762247965,0.170173342634992,0.350955570969626,0.444466028458033,0.104707818635753,9.186357,8.970696,7.206814,8.130589,9.187243,7.523374,7.308686,9.206395,9.355426,12.29876,8.694936,8.170255,10.26879
0.190231917531867,0.326398598916738,0.286390818521648,0.135411413704477,0.28833501584062,0.46642587123773,0.0973480990235235,8.300298,9.290362,7.105884,8.086011,8.956065,7.139229,7.40703,10.30237,9.543904,12.46646,9.358243,8.049806,10.425333
0.251289415861431,0.391045849013483,0.387238142733088,0.203432594857565,0.329003842077523,0.558577969542935,0.111182911295286,8.188437,9.308024,7.240118,8.021962,8.834044,7.167627,7.391055,9.882508,9.272477,12.36922,8.911087,8.289816,10.179263
0.25293656198602,0.381153377798591,0.245474786815529,0.158787494752465,0.208012981949566,0.359152443388588,0.0734525599949796,8.546826,9.24761,6.908885,8.033358,9.019251,7.241488,7.620693,9.957214,9.141926,12.54304,8.637357,8.114564,10.57092
0.2432007317794,0.319534049818007,0.384120735579622,0.153082068373517,0.363267060752227,0.426653837546324,0.11848796253473,8.914291,9.931325,7.553458,7.592973,8.916713,7.468468,7.347009,9.654551,9.987223,12.581845,9.299002,7.786801,9.80422
0.22862449244449,0.316185441191729,0.315556006517239,0.185120233675329,0.263082967740353,0.471960768740401,0.0829148091061015,7.995852,9.009857,7.02019,7.517522,8.663966,7.79518,7.236902,10.139414,9.904593,11.98658,9.259016,7.718401,10.01072
0.278154200503701,0.279181464661477,0.338554405166717,0.181031599277403,0.300393933447722,0.445063827384231,0.116374405337052,8.556898,9.824428,7.332133,7.763825,8.863344,7.200961,7.459679,9.850862,9.547562,12.51869,9.286838,7.848826,10.267856
0.268153027986225,0.38049745799309,0.394333845127129,0.19375979028097,0.331053546655958,0.47880136864817,0.0946211277599066,8.331904,9.494221,6.777166,7.708991,8.977358,7.727773,7.137148,10.10435,9.469643,11.900445,9.55513,7.800818,9.812355
0.201923025030839,0.265612293470702,0.269489516755064,0.151585869672822,0.19116645884291,0.408654335217598,0.0838398799090318,8.663397,9.154621,6.703381,8.151003,9.280635,8.17501,7.007652,10.266552,9.666841,12.059535,9.284243,7.691616,10.240856
0.274480847810444,0.350918958106661,0.348031392354451,0.168178849103974,0.282752990722656,0.489733638926449,0.103456027071241,9.119414,9.524237,7.091033,7.685477,8.709847,8.405962,7.247337,9.002163,10.493192,12.2107,9.436091,7.66007,10.675263
0.188735463995683,0.28666970717847,0.237641591511801,0.124744322241806,0.257654724834121,0.375968183207716,0.05720493155466,8.083166,9.211627,7.119974,7.427532,9.082665,7.968807,7.432486,10.151008,9.853564,12.2295,9.066189,8.182063,9.903845
0.235378257349918,0.317396001001099,0.272618596425313,0.13659510961393,0.261717912192657,0.389378506913144,0.08408690170503,9.788111,7.542961,7.008599,7.509056,8.958995,6.592257,8.043215,9.630108,10.271375,12.13038,8.690069,8.212015,10.598919
0.308215267783717,0.362989372258895,0.26842137867819,0.105495103975622,0.236557327698324,0.357005909976796,0.0824638621907839,8.093857,8.025558,7.330499,7.727595,8.763145,6.903694,7.822351,9.101585,9.721813,12.41884,8.75255,8.115921,10.153087
0.212117405941612,0.409849672118965,0.348301733325341,0.119939071376149,0.28595947550836,0.411362639859191,0.0904592796110771,8.629189,8.958254,7.605732,7.61438,8.983486,7.890559,7.780241,10.08494,9.541792,12.402115,8.71355,7.452437,10.547015
0.250299200760691,0.382369874624237,0.365276428039916,0.19963776193014,0.3505927112615,0.462869334424663,0.11332412504814,7.286136,8.758371,7.511001,7.924338,8.938649,8.540222,7.177853,10.248657,8.819136,12.15822,8.683926,8.210688,9.692932
0.249816316303454,0.395399325029164,0.324172676680331,0.146592977570324,0.366385379684306,0.410169259095803,0.0903830662579604,7.7733,8.577306,7.344903,7.677392,8.669301,7.390908,8.025981,10.407183,9.122172,12.610545,8.535687,7.962813,10.208138
0.233924158999794,0.415165207664999,0.352526156488293,0.170538262623112,0.312640074257539,0.438457162971171,0.0944229784146161,8.815942,8.35784,7.026039,7.892823,8.801562,7.132402,7.878124,10.469606,8.900166,12.13581,8.787156,7.665621,10.560977
0.249987632349918,0.480270615774183,0.34935742224048,0.167026415103819,0.355474917688102,0.4382447136773,0.100278404397024,8.711513,9.192156,7.10179,7.634381,8.94401,6.919554,7.378576,9.918408,8.735757,12.563915,9.01236,8.122389,9.631212
0.216496790835732,0.24964213593778,0.38231738884292,0.120033217639458,0.325055273893838,0.318742279313568,0.0929887529829858,8.609,8.634303,6.734751,7.797726,8.829935,8.000059,7.43928,9.649384,9.442297,12.061105,8.704967,7.62592,10.561013
0.238590971294202,0.451187955331905,0.329123811093633,0.14549091385632,0.314322676614066,0.355325160882412,0.0993489077393438,8.699956,9.074434,7.277343,8.24625,8.977747,7.804868,7.461344,9.906856,9.302765,12.25092,8.902017,7.752838,10.555987
0.210225332159745,0.33976017170815,0.30277946609223,0.168323400543957,0.351582500422112,0.39391590998723,0.0825464759074466,8.933878,8.826961,6.876197,7.545777,8.759927,7.277102,7.568291,9.358384,9.053599,12.118105,8.632061,7.703301,9.621663
0.323798346268503,0.431398894234005,0.320716606642672,0.188284094740705,0.335046286894896,0.420702453352447,0.112932151472065,8.156916,9.031102,7.165604,7.665302,9.000541,6.993545,7.403505,9.588994,9.062118,12.64335,9.046987,8.161874,10.119066
0.227257577996505,0.372592068882358,0.303511728069739,0.187327012783144,0.291684444819655,0.397909995837089,0.11074238092127,8.56954,9.434581,7.186781,7.935877,8.766382,6.969205,7.450655,10.688408,9.298197,12.27945,9.069641,8.139364,9.952043
0.255704361765008,0.330991593009691,0.306374601261345,0.166092558604915,0.340589505489742,0.395618960388705,0.0823601803309481,8.763921,8.937134,6.894419,7.972277,8.87118,7.388878,7.289051,9.5369,9.711373,12.290005,9.289157,7.78106,10.104817
0.281671303196957,0.449182470668072,0.338158704563529,0.173219390031768,0.312328659485434,0.468833434276092,0.112930002346845,8.483462,8.700755,6.909711,7.65309,9.078801,7.903986,7.486752,10.194015,9.651591,12.02298,9.292876,7.684387,10.141048
0.289931383634868,0.412456175618606,0.349612481579809,0.209873013380097,0.31251479532117,0.55034911326873,0.107091943982621,8.017509,9.059368,7.012377,7.258397,8.689848,7.379531,7.384023,9.872965,9.435276,12.034445,9.058596,7.72784,10.207467
0.312189812911184,0.373785211983466,0.31491714751649,0.191065474254329,0.294298902850285,0.520193931383964,0.0979254816619443,8.277734,8.272553,7.264524,8.063726,8.744847,7.319776,7.777861,9.53464,9.398099,12.436685,9.16725,8.024536,10.120011
0.325420853464227,0.313820011223809,0.362716811859679,0.118339538574219,0.371875121214679,0.390004541119959,0.102266378805671,8.739021,9.403796,7.347059,7.811643,8.572221,7.627381,7.26994,10.079629,9.211869,12.330215,9.066678,8.104058,9.658725
0.119671695106908,0.221330016958397,0.193810948354755,0.114751501781184,0.160123040742963,0.346136109441774,0.0651475610867353,9.430481,8.652677,6.1923,8.08584,9.047265,6.766631,7.027816,10.248729,10.057634,11.9184,8.853512,7.876092,10.135223
0.194084536903783,0.240173449382796,0.292918679243076,0.153652784301013,0.255963084853698,0.420511359842415,0.0800176539891203,8.566046,9.171186,7.505017,7.72637,8.985203,7.492082,7.561274,9.448158,9.714244,12.40043,9.387153,8.062186,9.840168
0.215692508095189,0.360696281876739,0.311443625809904,0.159492504305956,0.255140625427817,0.438884637294671,0.0817888891193229,9.300635,9.636868,6.765599,7.858,9.14732,7.420754,7.064815,9.212746,9.439232,12.055985,8.993402,8.034673,9.550802
0.195610030324836,0.415815913411926,0.330407536672261,0.196817398071289,0.286339162666107,0.398777888371394,0.105287021314594,8.543428,9.505224,7.245921,7.606348,8.88777,7.494174,7.224271,10.497366,9.436012,12.226335,9.457559,7.760742,9.883994
0.195217815198396,0.374887656754756,0.321560522753321,0.187083209433207,0.338476056250456,0.393020206027561,0.0769755202279964,7.659115,9.044527,7.067989,7.544403,9.062849,8.244438,7.282583,10.08179,9.81552,12.32452,8.923798,7.838846,10.445511
0.259785300806949,0.364164090892521,0.307793965596639,0.216771567740091,0.296017227885879,0.406357691838191,0.10472658318533,8.868737,8.670015,6.874769,7.683452,8.654669,7.884563,7.338943,10.216649,9.979979,12.0354,9.289649,7.66773,10.732529
0.233562622070313,0.320082511819701,0.300942289615106,0.207748366565239,0.293221732166326,0.452179574558878,0.0966178464217925,8.904659,9.459248,7.115294,8.053463,8.630566,7.848775,7.73569,10.378703,10.090769,12.619335,9.248925,7.573468,10.914329
0.236370239257813,0.304152905641489,0.348635370859843,0.192617486162883,0.337944708137869,0.427769587590144,0.105253044988068,9.273612,8.402902,6.961696,7.7327,9.109829,7.201673,7.703975,9.774088,9.996812,12.269635,8.854662,7.961878,9.694506
0.205418990285773,0.271247135334877,0.323347971111001,0.197692243064322,0.312123164952358,0.439692798842732,0.0998190020171689,9.494141,7.968703,7.016899,8.146891,8.957367,7.12843,7.215759,10.285256,10.048509,11.9296,9.325239,8.156157,10.618297
0.206415421335321,0.321606944810548,0.32998291746585,0.155972980871433,0.344882109454859,0.432330954788078,0.0918197228874959,9.29005,8.353663,7.082456,8.115801,8.987512,7.116204,7.803918,9.77673,9.692766,12.077465,9.133883,8.339202,10.297261
0.163500253777755,0.2548871283384,0.325642774205008,0.148671964319741,0.307700576069199,0.422402764996912,0.0762321512464067,6.854015,8.175225,7.828489,7.000784,8.335664,7.518196,6.771292,8.255608,8.369922,11.69915,7.807303,7.28501,9.548468
0.267346207468133,0.249037195604137,0.333070538001146,0.172233209377382,0.327840894182152,0.465953435653295,0.091469858733701,6.884946,7.929817,7.54734,7.195006,8.56181,6.676305,6.621583,8.481904,8.236152,11.71134,8.278224,7.306577,10.209536
0.240332609477796,0.391317900187321,0.326788302667127,0.141551378296643,0.313298020407418,0.384429116534372,0.0935296407887633,8.556466,8.64584,6.990165,7.866823,8.794132,6.774332,7.44972,9.64634,9.25604,12.251735,8.999929,8.128433,10.384435
0.214160830849095,0.294400841575343,0.27356071243743,0.15531161936318,0.277078949402426,0.412147000304654,0.0890468543683979,6.582321,7.759746,7.828955,7.604582,8.311073,8.283728,6.699593,8.700572,8.041387,11.68364,7.640862,7.387507,9.764675
0.246339641370271,0.416015318290672,0.380915316279063,0.194262190562923,0.344239742956429,0.479276249551365,0.0880522392165493,7.428807,8.419036,7.672017,7.411917,8.660729,6.995858,7.805922,10.408625,8.817519,12.65915,8.568608,7.796747,9.570402
0.275001541940789,0.435626707056488,0.321551545651373,0.138569320120463,0.267052766318633,0.448961241632445,0.0732437321837519,7.689082,8.0231,6.351931,7.074012,8.666689,7.439565,7.361459,9.468156,9.98234,12.22259,8.591167,7.512939,9.479711
0.268442222193668,0.400643090592471,0.263880883862159,0.140679906054241,0.259901706303391,0.393507117899055,0.0761178916608784,7.435866,8.54881,7.308412,7.937195,8.527164,7.808594,7.25375,9.912582,9.682588,12.165175,9.183825,7.694471,9.953362
0.20656254818565,0.274807439120827,0.259711579648321,0.12795479704694,0.206621045264128,0.426098489353799,0.0874288182863047,8.167572,7.8868,7.296456,6.892977,8.652749,7.088648,7.629448,10.205764,9.235837,12.517485,8.297651,7.852109,10.12208
0.238535461425781,0.346192151115511,0.253202038610767,0.0769068845888463,0.247265432482568,0.346322377522786,0.12311005928147,8.687055,9.543843,6.888554,7.7317,8.924907,7.64569,7.368099,10.431967,9.921633,12.203195,8.93151,8.166703,10.287746
0.25008161042866,0.335893005239647,0.374114556226902,0.147342088745862,0.262291649791682,0.474518898205879,0.10327672958374,9.000431,8.943134,6.952126,8.480764,8.708431,7.495269,7.245786,9.576122,9.696594,12.07754,9.204816,8.027932,10.470892
0.224539987664474,0.20894283779388,0.267133564292314,0.163757987138702,0.26790187514831,0.452698503804003,0.0943805264755034,8.713984,9.231635,7.042362,8.266725,9.019658,7.068717,7.134288,9.726268,9.809676,11.973275,9.22489,8.081419,10.173088
0.300805021587171,0.305400445832679,0.29015201865556,0.143635447432355,0.26908853120893,0.447088323087774,0.122956181915713,7.826358,8.997886,6.945318,7.573417,8.728788,7.061219,7.995141,10.026282,9.530062,12.20467,9.076106,8.004974,10.9245
0.279267899362664,0.305893196275743,0.356775455132216,0.165714496519507,0.321701335015698,0.47132077991453,0.0946972000766808,8.928826,9.232435,7.56794,8.138538,9.119067,6.496774,7.086919,9.217711,9.526893,12.28094,9.099972,8.370988,9.30634
0.27192482396176,0.300056693028479,0.288214312342113,0.130600952520603,0.267944959836586,0.467553456624349,0.072801798162326,8.573638,9.176718,7.261186,8.193256,8.838836,7.186437,7.50995,9.262605,9.878679,12.36048,8.812083,8.161191,10.394552
0.229324838738692,0.377571670083116,0.278502070261333,0.192344642266995,0.313871151933046,0.359432416084485,0.0889171479453503,7.955607,8.506787,7.462893,7.804432,8.822887,6.833188,8.165407,9.913797,8.627026,12.61923,8.437223,7.541774,9.959032
0.307005229749178,0.514407539230752,0.355788590665349,0.197948548851944,0.300494969448197,0.408346355470837,0.0910851384552432,7.60223,8.353876,7.608364,7.551469,8.603438,6.825622,8.046315,9.892903,8.839114,12.638395,8.349995,7.826121,9.735705
0.209807466205798,0.36769681274677,0.282945050450856,0.153346305940209,0.253161688831365,0.416370424449953,0.106848192886567,7.880543,8.12883,7.396697,7.379727,8.444012,6.738835,7.736456,8.967908,9.115794,12.530205,8.916497,7.472406,9.677315
0.26643111379523,0.389287572067929,0.340146573003895,0.18485022754204,0.314355475880275,0.436169746594551,0.096273509549423,8.320536,8.730693,7.218229,7.815388,8.354377,6.958256,7.652599,9.489917,9.076981,12.53165,9.289481,7.478864,9.908846
0.236136522795025,0.306504139349089,0.349966426095563,0.216668710476015,0.381759215738172,0.566529102814503,0.114163089805925,8.005271,8.206382,7.487262,7.522178,8.367615,6.747509,7.994869,9.898168,8.853242,12.70649,8.580713,7.563672,10.666021
0.235911881296258,0.388077209428841,0.374772557241474,0.219835327892769,0.312854018166801,0.461022564488598,0.127524993789028,7.711399,8.221569,7.235251,7.237841,8.866529,7.026508,7.412992,9.550355,8.889385,12.481205,8.817064,7.577932,8.84707
0.270252557051809,0.356518988462121,0.383464744704926,0.188056085167862,0.272655665317428,0.428790491870326,0.0950198442163602,7.919227,8.195974,7.953236,7.465866,8.533845,7.158038,8.02364,9.624687,9.56413,12.563245,8.859193,7.610247,9.911745
0.30657326146176,0.369079896553078,0.404078683453406,0.177558468609321,0.300919577340099,0.509702796609993,0.102384822469362,8.579616,8.968111,7.251072,7.74199,8.907308,6.973632,7.503013,9.444293,8.977194,12.328885,8.606519,8.480711,10.040741
0.273500462582237,0.454947773535647,0.339389526915407,0.202008828884218,0.338756418673792,0.554469312358106,0.120698982561138,8.062382,9.068716,7.38901,7.973818,8.862202,6.987032,7.577133,9.802605,9.782528,12.418615,8.819513,7.86309,10.2001
