"Hippocampus_L","ABCA7","ATHL1","CDC2L2","CSAD","DGKQ","FAM39DP","LOC100008589","LOC643031","LOC728499","MFN2","MYADM","S100A12","S100P","SELPLG"
0.368226414369733,8.176995,9.12186,7.115579,8.367803,8.199672,8.215305,7.048639,10.746397,10.08679,8.17272,12.118143,9.778613,9.717353,8.847001
0.572330198823736,7.81919,8.787473,7.252301,7.909737,8.341615,8.068161,7.445873,10.906728,9.967093,8.108248,12.072588,9.356975,7.058588,8.411289
0.591538415115871,7.62398,8.901855,7.701204,7.766652,8.382368,7.890565,6.68183,10.791315,9.747483,7.910949,12.261158,9.293023,9.618546,8.433965
0.462648459445225,7.911291,8.806097,7.496968,8.179307,8.029734,7.828893,5.900865,10.645247,9.754921,7.496552,12.427629,8.92234,9.893576,8.684108
0.405633394048455,7.97514,8.731305,7.045394,8.264796,7.762161,7.982955,7.396419,10.569992,10.218363,8.267861,12.189318,9.78837,10.398929,8.704793
0.448330407303371,7.568553,8.749955,7.444832,7.735277,8.52452,8.091927,8.093964,11.151562,9.609694,8.012286,12.314086,9.395292,9.587199,7.730006
0.474977945049157,7.680407,9.165783,7.369569,8.166548,8.080068,8.41782,7.223577,10.400255,10.102189,8.218658,12.123946,10.008071,10.351618,8.509116
0.439967767951194,7.431996,9.808164,7.482745,8.277281,7.473935,8.678315,7.422195,10.807401,9.96521,7.747284,11.815554,8.93985,8.933229,8.623065
0.413921721383427,8.476759,9.087212,7.767016,8.671491,8.902546,7.935038,8.662342,10.891995,9.845082,8.380451,12.654681,9.128011,10.218777,8.343794
0.475266085849719,7.317046,8.669073,7.130323,8.360112,8.6561,8.155794,8.384579,11.114721,10.246221,8.425219,12.523879,8.800315,9.018844,8.502424
0.423152733277739,8.151896,9.557181,7.360031,8.36817,7.705076,8.334387,9.075364,10.815815,9.935477,8.036373,12.478798,9.996089,10.433506,8.820996
0.455595483672753,7.976642,8.804931,7.171281,7.827726,8.202875,7.715413,9.003545,11.442631,9.854874,8.182012,12.822893,9.353793,10.194873,8.194816
0.475472535551264,8.035461,9.293223,7.494846,8.44883,8.431874,8.486486,7.479874,10.824561,9.783914,8.429486,12.252189,9.638914,9.699131,8.559001
0.430182035639045,8.022125,8.585819,7.497344,7.811006,8.836629,8.021419,7.404461,10.961844,10.234632,8.124518,12.49489,9.403362,9.154149,8.680733
0.383857586464185,8.06095,8.683323,7.360828,8.14489,8.641277,7.924891,8.031298,10.907168,9.901789,8.355281,12.403342,8.154288,9.731691,8.344478
0.525511378599017,8.162578,8.665467,7.181194,8.827459,8.749494,8.077802,5.676202,10.429774,9.69775,8.514595,12.21403,10.393717,11.147997,8.864529
0.537371894750702,8.093631,9.280306,7.265655,8.074434,8.516167,8.586767,6.388984,10.734909,9.94805,7.778341,11.956523,9.603535,10.028329,8.376832
0.488378357619382,8.481716,9.585952,7.530665,8.429061,8.538191,8.109861,10.264331,11.346657,9.897698,8.862728,12.637408,7.972766,8.3604,8.839421
0.465283203125,8.702115,9.961264,7.76385,8.838943,8.782354,8.183521,8.065919,11.056693,9.701364,8.463856,12.455293,8.508097,8.907079,9.215581
0.532217729547051,8.727532,10.274376,7.74615,8.768347,8.597247,8.322371,10.108746,11.402554,9.911172,8.603732,12.586749,9.282073,9.781488,8.780042
0.368298723885183,8.469617,9.119861,7.521064,9.087423,8.748901,8.360728,10.506167,11.258517,9.808731,8.187903,13.064565,9.718727,9.736394,9.008672
0.343542727352528,8.896374,9.06586,8.108029,8.579147,9.29911,8.940129,9.901809,11.81608,10.334097,8.451762,13.319453,8.876135,8.61515,8.970226
0.534439573823736,8.786066,9.843905,7.961002,8.6322,8.484928,8.856296,11.439223,11.714057,10.064073,9.305314,12.449567,8.796939,8.770285,8.772723
0.360506687807233,8.411431,10.053623,7.754221,8.899814,8.98869,8.823541,10.80903,11.491445,10.561456,8.36176,12.440512,7.639685,7.766675,8.755565
0.445731544066011,8.467162,10.114675,8.20719,8.269545,9.111954,8.259964,12.044388,11.65413,10.364212,8.312251,12.736536,7.521988,5.56797,8.263762
0.391848967477177,8.59895,9.572274,7.730343,8.92058,9.297688,8.398075,11.524229,11.744018,10.786434,8.949745,12.955417,8.330673,8.821567,9.201776
0.413629932189256,9.092536,9.992132,8.279685,8.59925,8.357615,8.934065,10.326342,11.345324,8.986443,9.033629,12.701612,8.950074,9.526993,9.632672
0.436205506056882,8.182164,10.103346,8.349025,8.811461,8.989615,8.648235,11.195769,11.981323,10.474918,8.720491,12.526779,6.315498,7.447746,8.910357
0.400136334708567,8.859783,10.460441,7.994603,9.086326,8.992966,8.480289,12.045487,11.690079,10.537375,8.627092,12.781637,9.315775,8.364062,9.449849
0.538169493943118,8.438341,9.302536,7.508041,8.931179,9.351573,8.692043,11.354992,11.83683,10.642042,8.160362,12.774852,6.996762,6.925612,8.847353
0.387409503379565,8.437624,9.70797,8.106413,8.584741,9.122857,8.475635,11.588616,11.659019,10.500074,8.697564,13.212357,7.059376,7.243706,9.223649
0.402643988105688,7.984463,9.047456,7.867701,9.191034,8.825948,8.210394,11.845023,11.740942,10.01701,9.048839,12.721327,8.510098,7.339669,9.076611
0.447309460586376,8.897283,10.334417,8.30952,8.782393,9.296544,9.445901,10.767884,11.754728,10.488443,8.457679,13.049094,8.12218,8.315884,8.717113
0.508075842696629,7.87101,9.380235,7.561258,8.952144,8.184216,9.107814,10.809957,11.65286,9.838085,8.530388,13.173823,8.743282,9.695873,8.13244
0.343942624209972,8.82394,10.095545,7.91287,8.629879,9.08066,8.971243,11.954095,11.432752,10.189988,8.769461,12.508341,8.040749,8.386346,8.974106
0.442682035639045,8.458095,9.998181,8.026047,8.534919,9.052885,8.720661,11.748248,11.696795,10.560877,8.267591,12.401059,8.067721,6.935092,9.130099
0.524600926088483,8.792357,10.05567,8.178817,8.91258,9.699066,8.678532,11.14509,11.855732,10.904099,8.368283,12.486912,7.316017,7.062878,9.016336
0.369754542661517,8.094584,8.654963,7.847275,8.666864,9.175845,8.659174,12.554056,11.862253,10.413525,8.413573,12.529912,7.445503,7.90999,8.565051
0.424687554863062,8.33081,9.559323,7.854809,8.621459,9.112102,8.122863,10.628575,11.635317,10.324505,8.512215,12.486143,7.807346,7.889338,8.671545
0.374724998902739,8.203407,9.456089,7.92125,8.286288,8.990259,8.120393,10.794829,11.330416,10.376214,8.51801,12.265126,7.323289,8.463368,8.619821
0.32280517578125,7.956479,9.796704,8.064614,8.12745,8.899759,8.652693,9.654475,11.06289,10.329589,8.324232,12.141326,8.070462,8.537615,8.493304
0.384732707162921,8.92636,9.757418,7.656966,8.893449,8.410299,8.755987,10.911396,11.593619,10.458074,9.412091,12.975998,7.893817,8.475433,9.081866
0.34629548147823,8.262177,10.186475,8.351059,8.246952,8.991401,8.950385,9.734762,11.334533,9.961062,8.528709,12.747528,6.676813,9.366059,9.189844
0.468492692240169,9.210041,10.382121,7.758508,8.990331,9.036114,8.872781,10.667603,12.160983,9.979036,8.954422,13.068879,8.371187,7.604785,8.958633
0.370029159717346,8.612492,9.485329,7.984816,8.791678,9.194751,8.654088,9.624721,11.68273,10.347157,8.292467,12.509016,7.01474,7.423504,9.124602
0.383910419592697,9.090775,10.153673,8.414125,8.632321,8.876934,8.906474,11.967633,11.980962,9.567809,8.765824,12.692251,8.638858,7.91263,9.292464
0.344892852440309,8.736001,9.475843,7.903339,8.659092,9.015288,8.45998,11.079103,11.392856,10.204167,8.340822,12.832129,8.340559,8.620861,9.654759
0.475935854108146,8.851998,10.047995,7.921128,8.585506,9.323583,9.163942,10.975948,11.640297,10.285691,8.519615,12.600989,7.459005,7.692373,9.074984
0.404446623727177,7.994985,9.287525,7.247547,8.317101,8.230824,8.260255,7.271202,10.389334,10.313787,7.490524,12.371841,8.993948,8.974439,8.733501
0.399889094320576,7.674356,8.658194,7.122529,7.81853,8.154025,7.346542,7.88829,10.820906,9.930126,8.020867,12.104432,9.701509,10.009868,8.166608
0.46234100684691,8.25254,9.181013,7.887222,7.946896,8.86641,8.643271,8.044213,11.492995,9.904563,8.030474,11.846109,9.246064,9.624892,8.902307
0.525372739641854,7.939546,9.305515,7.46175,8.207403,8.457113,8.297381,8.892653,11.284682,10.13482,8.387353,12.447282,10.007229,8.877894,8.549612
0.501085026773174,7.983277,8.424561,7.206569,7.946092,8.67074,8.179273,6.362016,10.879708,9.800876,8.030939,12.096466,8.838663,9.988039,8.313346
0.418456043714888,8.30697,9.21505,7.487031,8.276552,8.823881,8.206713,6.959789,11.697908,9.585031,8.329177,12.571912,10.540993,10.284065,8.586466
0.436532956241222,8.555314,9.434434,8.015096,8.359159,8.53687,8.837475,11.903575,12.327059,10.408309,8.734984,12.865812,6.774859,7.092902,9.429571
0.515962188377809,7.652768,9.343126,7.238593,8.34508,8.280227,8.029352,7.122823,10.886312,10.170968,8.142707,11.743419,9.619808,9.096933,8.734253
0.494096899139747,8.372061,9.932758,8.056787,8.631882,8.356329,8.530563,12.093075,11.89695,9.847902,8.853672,12.975113,8.425908,7.676878,8.915991
0.402923378247893,8.124012,9.567448,7.29901,8.118307,8.626214,8.481879,6.174452,11.41481,10.321723,8.566848,12.010482,9.152004,10.008015,8.629035
0.472029384655899,7.804513,8.898524,7.027747,8.238915,8.480261,8.116963,7.131236,10.268672,10.144236,8.298086,11.925052,10.508683,10.345754,8.770733
0.444326994820927,7.874288,9.627717,7.842094,9.00426,8.455157,8.445973,9.871293,11.663992,10.356671,8.756904,13.069397,8.233484,8.194686,9.262549
0.508911461990871,8.540289,9.436962,8.171592,8.92889,8.772123,8.784192,10.978218,11.966956,10.516784,8.530369,12.521333,7.805845,8.141425,9.122878
0.406703059164326,8.814065,10.323009,8.387575,8.484288,8.802922,9.151595,10.315297,12.220154,10.408591,9.062046,12.236944,8.535197,7.051407,9.487129
0.40155396879389,8.341945,9.793773,7.206851,8.633371,9.051405,8.536348,7.871789,11.164689,9.794933,7.642084,11.967697,7.729747,7.393301,9.175293
0.462819577334972,8.439261,9.265451,7.530957,8.617603,9.105069,8.570045,11.419367,12.021766,10.351824,8.761923,12.90595,7.098928,6.94717,8.824389
0.472149699350421,8.401138,9.586035,7.991657,8.632581,8.904324,8.785129,10.352754,12.34471,10.238693,8.563256,12.84364,7.767853,8.120739,9.493396
0.426515866397472,8.348072,9.497535,8.126739,8.751782,8.956814,8.164547,10.512977,12.211487,10.743326,9.112909,12.399232,8.255335,6.932635,8.971412
0.419384271857444,8.024853,10.108538,7.83762,8.092139,9.307565,8.867287,12.061998,11.738457,10.732104,8.703178,12.183483,8.26585,8.297841,8.826762
0.480330933988764,7.965089,10.359345,8.337662,9.124896,8.887616,8.915791,11.329759,12.325434,10.250396,8.994941,12.318077,7.745578,7.397438,8.735313
0.419340353976475,8.441968,10.162156,7.545509,8.605304,8.742321,8.688509,9.024916,10.685395,10.288682,8.399249,11.657665,9.116265,8.783327,8.882482
0.416749939650632,8.073182,9.858875,7.883115,8.764302,8.666391,8.322719,9.726125,11.584889,9.642472,8.678188,12.533455,7.978062,7.612755,9.442474
0.445402118811447,6.606954,8.600531,6.524933,7.647781,6.982891,7.386894,9.109021,10.281666,8.614217,7.11614,10.968898,9.587479,7.148128,7.055527
0.542231006408006,8.464449,9.739868,7.764688,8.638393,8.241153,8.277741,12.707632,11.322136,9.208093,8.488809,12.349812,10.000849,9.847974,8.800403
0.510025840502107,8.801735,10.220903,7.747808,9.417987,8.622551,8.737059,11.807562,11.932057,10.221447,8.723242,13.046404,8.635165,8.63661,8.862094
0.520391886850421,8.563442,9.62189,7.279567,8.458764,9.06572,8.643365,9.760955,11.409212,10.229452,8.523789,12.739332,7.747826,8.158747,9.30186
0.483694094540028,8.576419,9.375937,7.794041,8.541977,8.976893,8.558936,12.052095,12.134102,10.136825,8.124231,11.862199,8.433105,8.039045,8.983947
0.539034355249298,8.894303,9.376552,7.575853,8.453902,7.752658,8.546974,9.49341,11.004944,9.950124,7.999316,12.805655,6.827826,7.661685,8.978735
0.491780909849017,8.865776,10.115647,7.391625,8.556558,8.922663,8.614351,8.823143,10.904849,9.720903,8.003553,12.536356,7.686963,9.538183,9.535801
0.516032083918539,8.164282,9.678213,7.239921,8.747994,8.77904,8.457173,8.565836,10.903549,10.227419,7.952792,12.510755,8.274414,8.1894,8.879057
0.434538683944874,8.700304,10.418865,7.872905,8.888465,8.56723,8.671426,12.649682,11.745545,10.418914,8.584545,12.388189,7.122662,6.890552,9.021907
0.521237326632725,8.401938,10.062305,8.564575,8.455973,8.335014,8.438335,11.471269,12.477533,10.020037,9.234669,12.471777,7.945698,7.956311,9.696977
0.483051977264747,8.873248,10.08689,7.09984,8.979563,8.534325,8.839294,8.726491,11.000646,10.088764,8.875057,12.280587,8.25234,8.400963,9.390945
0.469873430916433,8.613792,9.633517,7.436251,9.053704,8.727264,8.299536,12.160641,11.984843,10.314605,7.923943,12.617644,9.026496,8.779609,8.91814
0.390823604283708,7.945535,9.523513,7.682516,8.747677,8.265682,8.625814,10.228392,11.514119,10.27982,8.365521,12.311611,8.317716,7.390683,8.95798
0.476780635533708,9.200643,10.896373,8.324885,8.321675,8.294346,9.542532,9.056534,11.950418,9.618019,8.66488,12.587156,8.020599,8.355533,8.662848
0.548663096910112,8.487394,9.096275,7.346734,8.679662,8.894243,9.042171,8.265865,11.595523,10.311574,8.292252,12.434893,8.118081,8.008299,9.23451
0.465631857882725,8.981826,10.281746,7.886934,8.424437,9.001369,9.122081,11.974584,12.057243,9.904505,8.720046,12.522721,7.930766,8.622687,8.579035
0.425679890493329,6.938861,8.562983,6.448202,7.38064,7.419837,7.049303,9.244702,10.30268,8.849287,6.505661,11.251141,7.556699,7.0511,7.457249
0.476376569083567,8.805758,10.150319,7.461639,9.146894,9.234208,8.71512,9.374217,11.287232,10.569967,8.552896,12.394267,8.049705,7.834989,9.318536
0.408717109594452,7.629939,8.449717,6.889392,6.516951,6.647953,7.637208,10.781226,9.748851,8.28852,6.954152,11.095032,8.643592,4.323714,7.698562
0.501696256144663,8.190603,9.899319,7.293071,7.966221,8.401496,8.113038,7.020159,11.052713,9.886896,7.639336,12.397176,8.825098,10.224848,8.594797
0.400179594232795,8.779912,10.157961,7.553579,8.882142,8.938298,9.091878,8.350243,11.547196,11.163987,8.745981,12.633326,8.071855,8.117433,9.113968
0.432371016941713,8.88248,9.764309,7.454867,8.602358,8.957145,8.819042,9.203368,11.350241,10.390083,8.069499,11.977204,7.452963,7.612241,9.147112
0.45546998441889,8.746322,10.400131,7.683012,8.868539,8.403686,8.407384,10.430178,10.702487,10.087583,8.523778,12.365906,8.733213,7.86344,8.809752
0.470121082777388,9.788111,10.998553,8.532602,7.909619,8.694551,9.647248,9.173645,11.591529,9.088241,9.742016,12.484691,9.315538,9.510881,9.870783
0.47363615914677,7.895534,9.130717,7.145465,8.458281,9.238819,8.581249,12.239987,11.581218,9.955714,8.708088,12.679735,7.94836,7.958764,8.494458
0.423647296348315,7.286136,10.120451,7.9836,8.503563,8.302391,8.67023,13.039979,11.775923,9.799622,8.721355,11.941382,8.263947,9.383916,8.834193
0.463527310832163,7.7733,9.995192,7.808178,8.245301,8.970268,8.943663,12.226254,11.44482,9.95364,8.706442,12.209452,8.323274,7.880403,8.267457
0.507115903704354,8.815942,10.751218,7.604466,8.213764,8.381623,8.788405,11.014969,11.973861,9.455097,8.663779,12.292597,9.301239,8.055745,9.017194
0.517990804950843,8.711513,10.426221,7.503245,8.562571,8.5133,8.350849,9.268041,11.19989,10.247516,7.951497,11.691086,8.69258,8.850961,8.864651
0.336846032303371,8.609,10.116306,8.347198,8.387599,8.689379,8.692903,12.596076,11.961054,9.53099,9.194408,12.214913,9.304492,9.346017,9.089721
0.518556662570225,8.768079,9.937996,7.435483,8.836756,8.224144,8.606375,11.381338,11.467891,10.205146,8.863132,12.218455,8.128563,7.996466,8.903844
0.46206817284059,8.699956,10.072091,7.520543,8.952098,8.366426,8.599716,10.5325,11.254639,10.111925,8.725141,12.588091,8.938653,9.23347,8.845934
0.442998019443469,8.933878,10.410869,8.190943,8.430567,8.650376,8.676332,10.271837,11.401545,10.196243,8.2992,12.139734,7.443084,8.776786,8.835863
0.487568688553371,8.156916,9.550841,7.883608,8.824919,8.670425,8.103691,10.337535,11.734607,10.311288,8.651578,12.090522,8.677793,8.860985,8.977257
0.475193940923455,8.56954,9.794993,7.844027,9.066799,9.064714,7.939985,9.744402,11.304902,9.829191,8.90276,12.64776,9.293343,8.262082,9.261451
0.516519542222612,8.763921,10.721575,7.591116,8.635012,8.695322,8.726613,10.522965,11.574932,9.488945,8.122417,12.435868,8.962578,8.96019,9.04646
0.554036769224017,8.483462,10.01918,7.699362,8.223638,8.904432,8.797665,9.632875,11.159481,9.250484,8.511616,12.617498,8.113665,8.944875,9.462561
0.525363193469101,7.941749,9.743018,7.849799,8.343698,8.966791,8.680771,8.538854,11.131994,10.976696,8.857312,12.498373,8.17498,9.006532,8.747182
0.563049837605337,8.017509,9.284364,7.494267,8.310555,8.749582,8.022723,9.520393,11.018439,9.860653,8.542745,12.385235,7.968039,5.865976,8.670463
0.520056344364466,8.277734,9.805511,8.068317,8.818691,8.293482,8.766446,12.534148,11.700656,9.732311,8.790487,12.136156,8.643157,8.889685,8.565565
0.470295163272472,8.739021,9.418128,7.860576,8.922182,8.255369,8.277976,9.876314,11.516449,10.129311,8.33597,12.31441,8.26929,9.683126,8.518565
0.610702905547753,8.617121,9.907157,7.221151,9.250218,8.861603,8.987251,8.789115,10.709588,10.721069,8.279075,11.776716,8.692933,9.141452,9.15034
0.384541975728581,8.681877,9.912828,8.164771,8.611543,9.010004,8.890139,11.356925,11.387604,10.872469,8.62434,12.230416,7.979257,8.34965,8.970833
0.397047187719452,8.670284,9.885136,8.106497,8.633862,8.973741,9.007635,11.137085,11.557774,10.702755,8.96302,12.69805,8.16637,8.707428,8.97189
0.461121894750702,8.242013,10.124152,7.420981,7.996691,9.017193,8.852704,10.486475,11.879642,10.043414,8.716278,12.215543,8.538837,8.40209,8.942089
0.546111799947331,8.910604,10.054994,8.308299,8.676204,8.59963,9.494521,11.452527,11.754764,10.360539,8.619507,12.384275,8.778503,7.68408,8.882352
0.325695553897472,8.36132,10.521888,8.407871,8.887822,9.258519,8.00964,11.030699,11.932998,10.111327,8.27875,12.467407,9.16,6.297133,9.24741
0.523538448033708,8.902836,9.651504,7.167437,8.801019,8.698322,8.757599,8.879967,11.193805,10.25852,8.237618,12.625386,8.614111,9.121295,8.636629
0.422979558023174,8.58176,10.053246,8.349069,8.364041,8.720139,8.683391,7.968996,11.248369,10.802766,8.528551,12.398738,8.573952,8.534599,8.89595
0.500172270014045,8.780036,10.251932,7.788574,8.816204,8.18251,8.615369,10.797618,11.364081,10.389762,8.770741,12.666093,8.918735,9.158978,9.255448
0.494844737535112,8.442264,10.337486,7.525545,8.557892,9.004495,9.154253,11.898499,12.551077,10.537279,8.775673,12.75399,8.487417,8.028935,9.043622
0.461510599543539,8.671653,10.327019,8.022663,8.744285,9.342558,9.161433,8.184415,11.205515,10.153098,8.237162,12.336625,6.943648,5.490107,9.169638
0.483876514220506,8.856863,10.339749,8.477449,8.085163,8.175785,9.451662,11.727679,12.017144,9.674626,9.012373,12.808889,8.646395,8.106122,9.513129
0.425211332514045,8.989932,10.415818,7.560195,8.577649,9.355649,9.019246,7.838239,11.676225,9.437022,9.423957,13.258096,7.151296,9.295569,9.268605
0.464933121927669,6.9264,7.653365,6.33417,7.316886,7.070153,7.434614,11.145441,9.379672,7.739637,5.771163,10.391232,9.875097,9.234338,8.264944
0.386598627326194,8.845808,9.655557,7.279923,9.198141,8.335446,8.442658,7.802159,10.802769,10.458374,7.938103,11.898101,8.662001,8.87855,9.234991
0.419869288755267,8.510611,9.137147,7.442731,8.698866,8.071947,7.981823,11.794235,11.794103,10.217481,8.823235,12.826131,8.626204,9.225042,8.747014
0.468655580670646,6.978262,10.15762,7.843555,8.453668,8.632722,7.872796,7.813159,11.515433,10.094853,8.186337,12.363019,8.492654,8.019196,8.65184
0.339885994557584,8.799877,10.269018,7.946675,8.841377,8.225419,8.736264,10.515495,11.603242,9.984388,8.664138,12.1672,8.916028,8.796516,9.02198
0.485215392380618,8.614136,9.558038,7.898646,8.528045,8.603474,8.558719,10.262837,11.26466,9.92488,8.254976,12.471165,8.769397,9.209469,9.166531
0.496170064518961,8.685896,10.083553,7.857352,9.185089,8.988269,8.663515,10.052593,11.165591,10.405619,9.125976,12.065097,9.771544,8.776818,9.248718
0.442085783883427,6.582321,7.499118,6.776863,7.275151,7.249943,6.63664,12.332525,10.696639,8.342126,6.839651,11.345141,9.468044,6.43566,8.116418
0.504702642205056,7.428807,9.189127,7.655761,8.396323,8.808522,8.201839,6.870246,10.945901,9.958939,7.968857,11.940734,9.462926,9.512967,8.422641
0.490489268785112,7.689082,11.064234,8.722824,7.745792,8.817413,9.05463,12.463586,12.508288,8.947966,9.860334,11.85007,9.118767,8.837768,9.125711
0.494883909761236,7.435866,10.145382,8.509788,8.421118,9.112198,8.932519,10.774923,12.117438,9.268537,8.782575,12.31217,8.630195,8.506672,8.890878
0.441585624780548,8.167572,10.437805,8.544047,7.365744,8.947723,8.780546,8.851386,11.718412,9.048215,8.834314,11.877404,8.723596,8.581897,9.025212
0.530706142468399,7.686595,9.868676,7.823297,8.45281,8.035957,8.458276,10.856099,11.644413,10.409625,8.496888,12.406274,8.388359,8.404955,7.998176
0.538207075140449,9.446977,11.025811,8.904542,8.074159,8.635524,8.526539,9.888377,12.491843,9.708754,8.943743,11.932372,8.141741,7.127995,9.166668
0.505879015976124,9.194966,10.237696,7.884572,9.20589,9.143069,8.99923,9.557869,11.855299,9.839502,8.925436,12.663908,7.867536,7.337724,9.390149
0.512036791169242,8.503429,10.861456,8.361405,7.960686,9.071994,9.563201,6.827938,12.697821,9.736709,9.085557,12.490462,7.401728,7.867521,9.012538
0.430218684164326,8.510514,10.230043,7.958363,8.568702,8.910784,8.794495,7.569212,11.196828,10.370794,8.306592,12.53114,7.237731,7.502228,9.108276
0.451826336464185,9.271043,10.816633,8.680644,8.006872,8.828773,9.049917,8.793877,12.387389,10.018213,8.746726,12.684824,7.676229,8.204427,9.380917
0.614695894048455,7.630574,10.748635,8.610791,8.354198,8.863431,8.871629,11.944485,12.708823,9.445137,9.184291,12.793609,8.767431,9.198068,9.348693
0.47768675386236,8.410005,10.578648,8.487839,8.202008,9.200228,9.054923,12.265969,12.57012,9.948114,9.163784,12.648079,7.476127,6.997093,9.05193
0.48902190133427,7.482138,10.265657,8.432498,8.297317,8.87376,8.877496,11.664962,11.983903,10.101802,8.661082,12.385359,8.28761,7.930441,8.501712
0.431494853844803,8.271712,10.30607,8.226986,8.136256,8.559611,9.16849,10.138035,11.704614,10.546714,8.610469,12.940749,7.399833,8.206155,8.755426
0.376459192854635,9.376516,11.062461,8.382244,8.833289,8.769089,9.356899,10.832809,11.894079,9.713364,9.240132,12.57456,8.589108,8.514324,9.441657
0.546477791432584,9.056924,10.48287,8.785077,8.389746,8.835351,9.280846,10.102056,12.096403,9.166359,9.863553,12.274816,8.981366,8.580563,9.615738
0.400099247278792,8.594198,9.664924,7.760635,9.06926,8.424712,8.578667,10.207524,12.066752,9.791224,8.710868,12.9003,8.69364,8.410139,9.375605
0.536148338746489,8.647605,10.470391,7.927205,8.750505,8.994366,9.095418,12.076517,11.37451,10.15711,9.364076,13.149521,8.64091,9.326138,9.247899
0.457380892292837,9.856413,10.433497,8.283719,8.387102,8.902924,9.392071,10.617754,11.419139,8.949486,9.202257,12.270194,8.324722,9.541234,8.676111
0.462923433110955,7.966997,10.188117,7.890241,8.774566,9.314424,8.815141,9.506626,11.977076,10.427889,8.646688,12.892917,8.315621,7.904754,9.639237
0.445066329441713,9.172188,10.818017,8.433576,8.481102,8.983432,9.154386,11.603156,11.955773,10.191845,9.028837,12.415607,8.013909,7.591868,9.51159
0.481562335410815,8.329354,10.157931,8.426095,7.999676,8.861713,8.675643,11.289508,12.429267,9.88239,9.13411,11.951901,7.633252,8.792396,9.253729
0.459509441932935,7.331381,8.371504,7.228085,7.530253,7.354578,7.631941,11.895166,11.446962,8.444192,7.134901,10.887653,8.434958,6.806259,7.986903
0.459287356258778,6.634203,8.650058,6.541337,7.023354,6.505954,7.430073,9.845147,10.556868,7.979675,6.454088,11.289303,8.271146,7.554328,7.629853
0.39426115914677,8.482866,9.533994,7.809764,8.603102,8.226965,8.388188,11.030262,12.079988,10.12388,8.959013,12.564763,9.459962,8.916431,8.889621
0.490342784410112,8.473922,9.78003,7.685529,8.675299,8.186866,8.484728,10.318024,11.369174,10.145255,8.528018,12.606111,8.907438,7.651691,8.229345
0.346083792354284,8.131412,10.255414,8.097856,8.721202,9.020776,8.948004,12.62217,12.268453,9.328435,9.844817,12.949581,8.570651,9.037053,9.146461
0.470862776509831,8.081588,9.500114,7.127271,8.316096,8.815638,8.695963,10.368474,11.225041,9.849242,8.215825,12.310825,8.621328,9.345215,8.379607
0.428433494996489,7.880543,8.316519,8.049946,7.81202,7.86174,8.946191,7.265663,10.892223,9.746237,7.76461,12.585668,9.673614,9.591477,8.399707
0.486493591994382,8.320536,9.475912,7.31477,8.284775,7.719766,8.06706,7.586542,11.060526,9.387388,8.587811,11.895084,9.438492,9.535735,8.619154
0.481873408971208,7.95517,9.154272,7.241119,8.024729,8.665065,7.963934,7.741525,11.4741,9.451837,7.91782,11.968004,10.165615,9.88873,8.521872
0.460546326369382,7.307998,8.74651,7.280759,7.983084,8.044543,7.884729,7.766569,11.173041,9.975241,7.994584,11.74861,9.308296,10.308048,8.331869
0.490698735955056,7.711399,8.875531,7.59279,7.918639,8.262224,8.700536,6.810619,11.178084,9.614861,8.260655,11.763871,9.56316,10.072385,8.125498
0.569061347875702,8.579616,9.497869,8.137588,8.746557,8.726555,8.705169,11.512361,12.021821,10.100629,8.085796,12.608621,9.025859,8.289185,8.606287
0.576957733497191,8.062382,10.107077,7.722522,8.88376,8.561709,8.714312,10.37806,11.439532,10.141067,8.872626,12.13868,8.226686,7.869769,8.417471
0.521141810042135,9.258308,10.645453,8.679355,8.608354,8.929063,8.786855,11.313916,12.421291,9.656321,9.205045,12.889467,7.220569,7.89177,9.32703
0.46504334181882,9.289047,10.629962,8.093509,8.500304,8.870179,8.924449,9.31296,10.69397,9.340999,8.475212,12.997491,7.679042,8.54426,8.906603
0.426542228098666,7.670197,9.925087,8.122894,8.006119,9.194689,8.402702,9.898486,11.661575,10.286603,8.50237,11.898568,7.8342,8.475978,8.464613
0.36366883010007,8.600835,10.82988,7.579159,9.287831,8.841505,8.68614,10.607636,11.792891,9.407984,9.07517,12.595255,8.166124,8.271524,9.839445
0.416926434120435,8.222558,10.34937,7.89951,9.049196,8.989578,8.306364,11.855381,11.995409,10.096605,9.235142,13.318712,7.815655,7.861345,8.913653
